maxPrice=14.200000
maxVolume=136256100.000000
sequenceLength=60
inputSize=11
hiddenSize=50
numLayers=2
createdAt=2026-03-05T12:36:30.398564700
modelName=lstm-stock-20260305_123630-epoch22