maxPrice=28.800000
maxVolume=172191100.000000
sequenceLength=60
inputSize=11
hiddenSize=50
numLayers=2
createdAt=2026-03-05T12:35:19.923836
modelName=lstm-stock-20260305_123519-epoch13