maxPrice=18.190000
maxVolume=85896900.000000
sequenceLength=60
inputSize=11
hiddenSize=50
numLayers=2
createdAt=2026-03-05T12:31:49.165326900
modelName=lstm-stock-20260305_123149-epoch8