maxPrice=8.740000
maxVolume=137787100.000000
sequenceLength=60
inputSize=11
hiddenSize=50
numLayers=2
createdAt=2026-03-05T12:34:59.081690600
modelName=lstm-stock-20260305_123459-epoch6