maxPrice=36.990000
maxVolume=40081500.000000
sequenceLength=60
inputSize=11
hiddenSize=50
numLayers=2
createdAt=2026-03-05T12:36:55.553977600
modelName=lstm-stock-20260305_123655-epoch1