maxPrice=17.310000
maxVolume=86116700.000000
sequenceLength=60
inputSize=11
hiddenSize=50
numLayers=2
createdAt=2026-03-05T12:34:04.582800
modelName=lstm-stock-20260305_123404-epoch4