maxPrice=6.660000
maxVolume=90555000.000000
sequenceLength=60
inputSize=5
hiddenSize=50
numLayers=2
createdAt=2026-03-03T19:45:35.271158300
modelName=lstm-stock-20260303_194535-epoch1