maxPrice=42.290000
maxVolume=135972300.000000
sequenceLength=60
inputSize=5
hiddenSize=50
numLayers=2
createdAt=2026-03-03T20:33:22.723357600
modelName=lstm-stock-20260303_203322-epoch2