maxPrice=6.660000
maxVolume=90555000.000000
sequenceLength=60
inputSize=5
hiddenSize=50
numLayers=2
createdAt=2026-03-03T19:29:09.736077900
modelName=lstm-stock-20260303_192909-epoch1