maxPrice=15.550000
maxVolume=93021300.000000
sequenceLength=60
inputSize=5
hiddenSize=50
numLayers=2
createdAt=2026-03-03T19:29:11.310902300
modelName=lstm-stock-20260303_192911-epoch1